global pt2971 pt2973 pt3183 pt3225...
       pt3233 pt3234 pt3587 pt3646...
       pt420 pt432 pt540 pt550...
       pt551 pt570 pt719 pt728
%%%% 0 side
pt2971 = [4.2682835877500130e-03 7.8646438329435537e-03 4.4642057071204513e-03];
pt2973 = [3.5480933002043349e-03 7.8427703961381889e-03 5.0893994190379229e-03];
pt3183 = [3.5913676260165019e-03 7.2750085060496747e-03 5.8460524981995719e-03];
pt3225 = [4.7566164377825090e-03 8.0268132167139686e-03 5.8262225882473118e-03];
pt3233 = [5.0720789839035210e-03 7.1880122163973390e-03 4.7546288138998662e-03];
pt3234 = [4.3241967616204626e-03 7.2971029242854257e-03 5.2965659893157383e-03];
pt3587 = [4.3471240560787770e-03 6.7025798958998831e-03 6.0148096545227375e-03];
pt3646 = [5.0583628227591614e-03 6.6935111421878978e-03 5.4414955795933943e-03];
%%%%% 1 side
pt420  = [3.5480933002043349e-03 7.8427703961381889e-03 5.0893994190379229e-03];
pt432  = [3.5913676260165019e-03 7.2750085060496747e-03 5.8460524981995719e-03];
pt540  = [4.2682835877500130e-03 7.8646438329435537e-03 4.4642057071204513e-03];
pt550  = [3.8917770854584163e-03 6.5673926318568828e-03 4.7669093903841648e-03];
pt551  = [4.3241967616204626e-03 7.2971029242854257e-03 5.2965659893157383e-03];
pt570  = [4.3471240560787770e-03 6.7025798958998831e-03 6.0148096545227375e-03];
pt719  = [5.0720789839035210e-03 7.1880122163973390e-03 4.7546288138998662e-03];
pt728  = [5.0583628227591614e-03 6.6935111421878978e-03 5.4414955795933943e-03];

